Origin array:
7264 11495 20780 4418 32513 19893 29685 31627 8564 13994 27496 5250 5604 25500 27918 86 24914 12500 25120 18738 

after Bubble Sort:
86 4418 5250 5604 7264 8564 11495 12500 13994 18738 19893 20780 24914 25120 25500 27496 27918 29685 31627 32513 

after Insert Sort:
86 4418 5250 5604 7264 8564 11495 12500 13994 18738 19893 20780 24914 25120 25500 27496 27918 29685 31627 32513 

after Merge Sort:
86 4418 5250 5604 7264 8564 11495 12500 13994 18738 19893 20780 24914 25120 25500 27496 27918 29685 31627 32513 

after Quick Sort:
86 4418 5250 5604 7264 8564 11495 12500 13994 18738 19893 20780 24914 25120 25500 27496 27918 29685 31627 32513 

after Shell Sort:
86 4418 5250 5604 7264 8564 11495 12500 13994 18738 19893 20780 24914 25120 25500 27496 27918 29685 31627 32513 

